{"nbformat":4,"nbformat_minor":0,"metadata":{"colab":{"name":"Data Cleaning & Data Manipulation.ipynb","provenance":[],"collapsed_sections":[],"mount_file_id":"1YHzCEpJaIgsQTMMEcgN7EX7h4KuIw8-K","authorship_tag":"ABX9TyMrNdfdOdh0im2kPJQuYMNN"},"kernelspec":{"name":"python3","display_name":"Python 3"},"language_info":{"name":"python"}},"cells":[{"cell_type":"markdown","metadata":{"id":"2mX7CLOegsSb"},"source":["# Data Cleaning & Data Manipulation"]},{"cell_type":"code","metadata":{"id":"TczvYtq-ff5w"},"source":["import pandas as pd\n","import numpy as np\n"],"execution_count":null,"outputs":[]},{"cell_type":"code","metadata":{"id":"RK9k4kF6ff8Q"},"source":["data1 = np.random.randn(10,3)\n","data2 = np.random.randn(7,3)"],"execution_count":null,"outputs":[]},{"cell_type":"code","metadata":{"id":"8Dr-Wpmbff-3"},"source":["df1 = pd.DataFrame(data1, columns=[\"Col1\", \"Col2\", \"Col3\"])\n","df2 = pd.DataFrame(data2, columns=[\"Col1\", \"Col2\", \"Col3\"])"],"execution_count":null,"outputs":[]},{"cell_type":"code","metadata":{"colab":{"base_uri":"https://localhost:8080/","height":361},"id":"1Md8rUoBfgC0","executionInfo":{"status":"ok","timestamp":1628254358128,"user_tz":-330,"elapsed":393,"user":{"displayName":"Sahil Rahman","photoUrl":"https://lh3.googleusercontent.com/a-/AOh14GiJ8lzvw0EAvZyy3OveF6J53a3ecWuQmgHRsF6n6D4=s64","userId":"17212050139887820689"}},"outputId":"4ffdcbc9-5d96-450b-e280-13dcfeffe137"},"source":["df1"],"execution_count":null,"outputs":[{"output_type":"execute_result","data":{"text/html":["<div>\n","<style scoped>\n","    .dataframe tbody tr th:only-of-type {\n","        vertical-align: middle;\n","    }\n","\n","    .dataframe tbody tr th {\n","        vertical-align: top;\n","    }\n","\n","    .dataframe thead th {\n","        text-align: right;\n","    }\n","</style>\n","<table border=\"1\" class=\"dataframe\">\n","  <thead>\n","    <tr style=\"text-align: right;\">\n","      <th></th>\n","      <th>Col1</th>\n","      <th>Col2</th>\n","      <th>Col3</th>\n","    </tr>\n","  </thead>\n","  <tbody>\n","    <tr>\n","      <th>0</th>\n","      <td>0.625766</td>\n","      <td>-1.161112</td>\n","      <td>-0.362673</td>\n","    </tr>\n","    <tr>\n","      <th>1</th>\n","      <td>-1.479641</td>\n","      <td>-0.485604</td>\n","      <td>0.369964</td>\n","    </tr>\n","    <tr>\n","      <th>2</th>\n","      <td>1.472300</td>\n","      <td>0.194014</td>\n","      <td>1.405674</td>\n","    </tr>\n","    <tr>\n","      <th>3</th>\n","      <td>-0.458088</td>\n","      <td>-0.608173</td>\n","      <td>-2.229785</td>\n","    </tr>\n","    <tr>\n","      <th>4</th>\n","      <td>-0.768349</td>\n","      <td>-0.834313</td>\n","      <td>0.426521</td>\n","    </tr>\n","    <tr>\n","      <th>5</th>\n","      <td>-0.919398</td>\n","      <td>-3.872343</td>\n","      <td>-0.636717</td>\n","    </tr>\n","    <tr>\n","      <th>6</th>\n","      <td>0.149572</td>\n","      <td>-0.102499</td>\n","      <td>0.629445</td>\n","    </tr>\n","    <tr>\n","      <th>7</th>\n","      <td>-0.738339</td>\n","      <td>0.131016</td>\n","      <td>0.425828</td>\n","    </tr>\n","    <tr>\n","      <th>8</th>\n","      <td>-0.164048</td>\n","      <td>2.951231</td>\n","      <td>-0.820013</td>\n","    </tr>\n","    <tr>\n","      <th>9</th>\n","      <td>-1.339718</td>\n","      <td>1.032922</td>\n","      <td>0.241880</td>\n","    </tr>\n","  </tbody>\n","</table>\n","</div>"],"text/plain":["       Col1      Col2      Col3\n","0  0.625766 -1.161112 -0.362673\n","1 -1.479641 -0.485604  0.369964\n","2  1.472300  0.194014  1.405674\n","3 -0.458088 -0.608173 -2.229785\n","4 -0.768349 -0.834313  0.426521\n","5 -0.919398 -3.872343 -0.636717\n","6  0.149572 -0.102499  0.629445\n","7 -0.738339  0.131016  0.425828\n","8 -0.164048  2.951231 -0.820013\n","9 -1.339718  1.032922  0.241880"]},"metadata":{"tags":[]},"execution_count":10}]},{"cell_type":"code","metadata":{"colab":{"base_uri":"https://localhost:8080/","height":267},"id":"cyMmzsV4fgD8","executionInfo":{"status":"ok","timestamp":1628254364168,"user_tz":-330,"elapsed":400,"user":{"displayName":"Sahil Rahman","photoUrl":"https://lh3.googleusercontent.com/a-/AOh14GiJ8lzvw0EAvZyy3OveF6J53a3ecWuQmgHRsF6n6D4=s64","userId":"17212050139887820689"}},"outputId":"2d159f62-b0e2-4117-8ca4-c484b8ba0d5e"},"source":["df2"],"execution_count":null,"outputs":[{"output_type":"execute_result","data":{"text/html":["<div>\n","<style scoped>\n","    .dataframe tbody tr th:only-of-type {\n","        vertical-align: middle;\n","    }\n","\n","    .dataframe tbody tr th {\n","        vertical-align: top;\n","    }\n","\n","    .dataframe thead th {\n","        text-align: right;\n","    }\n","</style>\n","<table border=\"1\" class=\"dataframe\">\n","  <thead>\n","    <tr style=\"text-align: right;\">\n","      <th></th>\n","      <th>Col1</th>\n","      <th>Col2</th>\n","      <th>Col3</th>\n","    </tr>\n","  </thead>\n","  <tbody>\n","    <tr>\n","      <th>0</th>\n","      <td>1.970920</td>\n","      <td>1.543224</td>\n","      <td>-0.210029</td>\n","    </tr>\n","    <tr>\n","      <th>1</th>\n","      <td>0.428057</td>\n","      <td>-0.515374</td>\n","      <td>-0.214166</td>\n","    </tr>\n","    <tr>\n","      <th>2</th>\n","      <td>0.788745</td>\n","      <td>-0.667020</td>\n","      <td>-0.835686</td>\n","    </tr>\n","    <tr>\n","      <th>3</th>\n","      <td>0.031070</td>\n","      <td>-2.038181</td>\n","      <td>-1.426491</td>\n","    </tr>\n","    <tr>\n","      <th>4</th>\n","      <td>0.071847</td>\n","      <td>-0.311295</td>\n","      <td>-0.437778</td>\n","    </tr>\n","    <tr>\n","      <th>5</th>\n","      <td>0.473463</td>\n","      <td>0.275466</td>\n","      <td>-1.378353</td>\n","    </tr>\n","    <tr>\n","      <th>6</th>\n","      <td>-1.278267</td>\n","      <td>0.030640</td>\n","      <td>-0.531510</td>\n","    </tr>\n","  </tbody>\n","</table>\n","</div>"],"text/plain":["       Col1      Col2      Col3\n","0  1.970920  1.543224 -0.210029\n","1  0.428057 -0.515374 -0.214166\n","2  0.788745 -0.667020 -0.835686\n","3  0.031070 -2.038181 -1.426491\n","4  0.071847 -0.311295 -0.437778\n","5  0.473463  0.275466 -1.378353\n","6 -1.278267  0.030640 -0.531510"]},"metadata":{"tags":[]},"execution_count":11}]},{"cell_type":"code","metadata":{"id":"SNe5TPKMfgGi"},"source":["df3 = df1 + df2\n","df3 = df[1] + df[2]"],"execution_count":null,"outputs":[]},{"cell_type":"code","metadata":{"id":"4-5uBsLhfgJX"},"source":["df3 = pd.concat([df1,df2], ignore_index=True)"],"execution_count":null,"outputs":[]},{"cell_type":"code","metadata":{"colab":{"base_uri":"https://localhost:8080/","height":578},"id":"tvmvhX6PfgMe","executionInfo":{"status":"ok","timestamp":1628254616582,"user_tz":-330,"elapsed":412,"user":{"displayName":"Sahil Rahman","photoUrl":"https://lh3.googleusercontent.com/a-/AOh14GiJ8lzvw0EAvZyy3OveF6J53a3ecWuQmgHRsF6n6D4=s64","userId":"17212050139887820689"}},"outputId":"2c1f4977-2009-445d-c19b-1128085ff563"},"source":["df3"],"execution_count":null,"outputs":[{"output_type":"execute_result","data":{"text/html":["<div>\n","<style scoped>\n","    .dataframe tbody tr th:only-of-type {\n","        vertical-align: middle;\n","    }\n","\n","    .dataframe tbody tr th {\n","        vertical-align: top;\n","    }\n","\n","    .dataframe thead th {\n","        text-align: right;\n","    }\n","</style>\n","<table border=\"1\" class=\"dataframe\">\n","  <thead>\n","    <tr style=\"text-align: right;\">\n","      <th></th>\n","      <th>Col1</th>\n","      <th>Col2</th>\n","      <th>Col3</th>\n","    </tr>\n","  </thead>\n","  <tbody>\n","    <tr>\n","      <th>0</th>\n","      <td>0.625766</td>\n","      <td>-1.161112</td>\n","      <td>-0.362673</td>\n","    </tr>\n","    <tr>\n","      <th>1</th>\n","      <td>-1.479641</td>\n","      <td>-0.485604</td>\n","      <td>0.369964</td>\n","    </tr>\n","    <tr>\n","      <th>2</th>\n","      <td>1.472300</td>\n","      <td>0.194014</td>\n","      <td>1.405674</td>\n","    </tr>\n","    <tr>\n","      <th>3</th>\n","      <td>-0.458088</td>\n","      <td>-0.608173</td>\n","      <td>-2.229785</td>\n","    </tr>\n","    <tr>\n","      <th>4</th>\n","      <td>-0.768349</td>\n","      <td>-0.834313</td>\n","      <td>0.426521</td>\n","    </tr>\n","    <tr>\n","      <th>5</th>\n","      <td>-0.919398</td>\n","      <td>-3.872343</td>\n","      <td>-0.636717</td>\n","    </tr>\n","    <tr>\n","      <th>6</th>\n","      <td>0.149572</td>\n","      <td>-0.102499</td>\n","      <td>0.629445</td>\n","    </tr>\n","    <tr>\n","      <th>7</th>\n","      <td>-0.738339</td>\n","      <td>0.131016</td>\n","      <td>0.425828</td>\n","    </tr>\n","    <tr>\n","      <th>8</th>\n","      <td>-0.164048</td>\n","      <td>2.951231</td>\n","      <td>-0.820013</td>\n","    </tr>\n","    <tr>\n","      <th>9</th>\n","      <td>-1.339718</td>\n","      <td>1.032922</td>\n","      <td>0.241880</td>\n","    </tr>\n","    <tr>\n","      <th>10</th>\n","      <td>1.970920</td>\n","      <td>1.543224</td>\n","      <td>-0.210029</td>\n","    </tr>\n","    <tr>\n","      <th>11</th>\n","      <td>0.428057</td>\n","      <td>-0.515374</td>\n","      <td>-0.214166</td>\n","    </tr>\n","    <tr>\n","      <th>12</th>\n","      <td>0.788745</td>\n","      <td>-0.667020</td>\n","      <td>-0.835686</td>\n","    </tr>\n","    <tr>\n","      <th>13</th>\n","      <td>0.031070</td>\n","      <td>-2.038181</td>\n","      <td>-1.426491</td>\n","    </tr>\n","    <tr>\n","      <th>14</th>\n","      <td>0.071847</td>\n","      <td>-0.311295</td>\n","      <td>-0.437778</td>\n","    </tr>\n","    <tr>\n","      <th>15</th>\n","      <td>0.473463</td>\n","      <td>0.275466</td>\n","      <td>-1.378353</td>\n","    </tr>\n","    <tr>\n","      <th>16</th>\n","      <td>-1.278267</td>\n","      <td>0.030640</td>\n","      <td>-0.531510</td>\n","    </tr>\n","  </tbody>\n","</table>\n","</div>"],"text/plain":["        Col1      Col2      Col3\n","0   0.625766 -1.161112 -0.362673\n","1  -1.479641 -0.485604  0.369964\n","2   1.472300  0.194014  1.405674\n","3  -0.458088 -0.608173 -2.229785\n","4  -0.768349 -0.834313  0.426521\n","5  -0.919398 -3.872343 -0.636717\n","6   0.149572 -0.102499  0.629445\n","7  -0.738339  0.131016  0.425828\n","8  -0.164048  2.951231 -0.820013\n","9  -1.339718  1.032922  0.241880\n","10  1.970920  1.543224 -0.210029\n","11  0.428057 -0.515374 -0.214166\n","12  0.788745 -0.667020 -0.835686\n","13  0.031070 -2.038181 -1.426491\n","14  0.071847 -0.311295 -0.437778\n","15  0.473463  0.275466 -1.378353\n","16 -1.278267  0.030640 -0.531510"]},"metadata":{"tags":[]},"execution_count":13}]},{"cell_type":"code","metadata":{"colab":{"base_uri":"https://localhost:8080/"},"id":"YAHkjrUjfgPQ","executionInfo":{"status":"ok","timestamp":1628254776083,"user_tz":-330,"elapsed":393,"user":{"displayName":"Sahil Rahman","photoUrl":"https://lh3.googleusercontent.com/a-/AOh14GiJ8lzvw0EAvZyy3OveF6J53a3ecWuQmgHRsF6n6D4=s64","userId":"17212050139887820689"}},"outputId":"60c712f5-8c92-4d3a-fc74-a04f4f8682ea"},"source":["for i in df3.Col3:\n","  print(i)"],"execution_count":null,"outputs":[{"output_type":"stream","text":["-0.3626726709462253\n","0.36996421736534535\n","1.4056744010507538\n","-2.22978461208194\n","0.4265205803260593\n","-0.636716839306351\n","0.6294445088973881\n","0.4258279310879293\n","-0.820013136226335\n","0.2418802398362948\n","-0.21002913483490748\n","-0.21416552318063878\n","-0.8356857795524385\n","-1.4264912541653745\n","-0.43777799917028215\n","-1.3783529311808196\n","-0.5315099448187365\n"],"name":"stdout"}]},{"cell_type":"markdown","metadata":{"id":"BLDElyz6jSWQ"},"source":["* iteritems"]},{"cell_type":"code","metadata":{"colab":{"base_uri":"https://localhost:8080/"},"id":"-4i2NQLGfgSG","executionInfo":{"status":"ok","timestamp":1628254931719,"user_tz":-330,"elapsed":413,"user":{"displayName":"Sahil Rahman","photoUrl":"https://lh3.googleusercontent.com/a-/AOh14GiJ8lzvw0EAvZyy3OveF6J53a3ecWuQmgHRsF6n6D4=s64","userId":"17212050139887820689"}},"outputId":"7c9ae952-537b-440b-9969-85ca470253d7"},"source":["# For columns\n","for key,value in df3.iteritems():\n","  print(key,value)"],"execution_count":null,"outputs":[{"output_type":"stream","text":["Col1 0     0.625766\n","1    -1.479641\n","2     1.472300\n","3    -0.458088\n","4    -0.768349\n","5    -0.919398\n","6     0.149572\n","7    -0.738339\n","8    -0.164048\n","9    -1.339718\n","10    1.970920\n","11    0.428057\n","12    0.788745\n","13    0.031070\n","14    0.071847\n","15    0.473463\n","16   -1.278267\n","Name: Col1, dtype: float64\n","Col2 0    -1.161112\n","1    -0.485604\n","2     0.194014\n","3    -0.608173\n","4    -0.834313\n","5    -3.872343\n","6    -0.102499\n","7     0.131016\n","8     2.951231\n","9     1.032922\n","10    1.543224\n","11   -0.515374\n","12   -0.667020\n","13   -2.038181\n","14   -0.311295\n","15    0.275466\n","16    0.030640\n","Name: Col2, dtype: float64\n","Col3 0    -0.362673\n","1     0.369964\n","2     1.405674\n","3    -2.229785\n","4     0.426521\n","5    -0.636717\n","6     0.629445\n","7     0.425828\n","8    -0.820013\n","9     0.241880\n","10   -0.210029\n","11   -0.214166\n","12   -0.835686\n","13   -1.426491\n","14   -0.437778\n","15   -1.378353\n","16   -0.531510\n","Name: Col3, dtype: float64\n"],"name":"stdout"}]},{"cell_type":"markdown","metadata":{"id":"_a6h1olCkEem"},"source":["* iterrows()"]},{"cell_type":"code","metadata":{"colab":{"base_uri":"https://localhost:8080/"},"id":"yALyzx6_fgVD","executionInfo":{"status":"ok","timestamp":1628255110192,"user_tz":-330,"elapsed":391,"user":{"displayName":"Sahil Rahman","photoUrl":"https://lh3.googleusercontent.com/a-/AOh14GiJ8lzvw0EAvZyy3OveF6J53a3ecWuQmgHRsF6n6D4=s64","userId":"17212050139887820689"}},"outputId":"67e667b8-4caf-4a7e-c8c0-218583eb9f3c"},"source":["# For rows\n","for index,row in df3.iterrows():\n","  print(index, row)"],"execution_count":null,"outputs":[{"output_type":"stream","text":["0 Col1    0.625766\n","Col2   -1.161112\n","Col3   -0.362673\n","Name: 0, dtype: float64\n","1 Col1   -1.479641\n","Col2   -0.485604\n","Col3    0.369964\n","Name: 1, dtype: float64\n","2 Col1    1.472300\n","Col2    0.194014\n","Col3    1.405674\n","Name: 2, dtype: float64\n","3 Col1   -0.458088\n","Col2   -0.608173\n","Col3   -2.229785\n","Name: 3, dtype: float64\n","4 Col1   -0.768349\n","Col2   -0.834313\n","Col3    0.426521\n","Name: 4, dtype: float64\n","5 Col1   -0.919398\n","Col2   -3.872343\n","Col3   -0.636717\n","Name: 5, dtype: float64\n","6 Col1    0.149572\n","Col2   -0.102499\n","Col3    0.629445\n","Name: 6, dtype: float64\n","7 Col1   -0.738339\n","Col2    0.131016\n","Col3    0.425828\n","Name: 7, dtype: float64\n","8 Col1   -0.164048\n","Col2    2.951231\n","Col3   -0.820013\n","Name: 8, dtype: float64\n","9 Col1   -1.339718\n","Col2    1.032922\n","Col3    0.241880\n","Name: 9, dtype: float64\n","10 Col1    1.970920\n","Col2    1.543224\n","Col3   -0.210029\n","Name: 10, dtype: float64\n","11 Col1    0.428057\n","Col2   -0.515374\n","Col3   -0.214166\n","Name: 11, dtype: float64\n","12 Col1    0.788745\n","Col2   -0.667020\n","Col3   -0.835686\n","Name: 12, dtype: float64\n","13 Col1    0.031070\n","Col2   -2.038181\n","Col3   -1.426491\n","Name: 13, dtype: float64\n","14 Col1    0.071847\n","Col2   -0.311295\n","Col3   -0.437778\n","Name: 14, dtype: float64\n","15 Col1    0.473463\n","Col2    0.275466\n","Col3   -1.378353\n","Name: 15, dtype: float64\n","16 Col1   -1.278267\n","Col2    0.030640\n","Col3   -0.531510\n","Name: 16, dtype: float64\n"],"name":"stdout"}]},{"cell_type":"markdown","metadata":{"id":"zEzg3o6qlSmU"},"source":["* Sort - sort_index()"]},{"cell_type":"code","metadata":{"id":"nEzoBo40fgXu"},"source":["unsorted_df = pd.DataFrame(np.random.randn(10,3), \n","                           index = [5,7,3,9,2,1,9,11,21,4],\n","                           columns = ['Col1', 'Col2', 'Col3'])"],"execution_count":null,"outputs":[]},{"cell_type":"code","metadata":{"colab":{"base_uri":"https://localhost:8080/","height":361},"id":"M-Imi5zBfgaN","executionInfo":{"status":"ok","timestamp":1628255468619,"user_tz":-330,"elapsed":394,"user":{"displayName":"Sahil Rahman","photoUrl":"https://lh3.googleusercontent.com/a-/AOh14GiJ8lzvw0EAvZyy3OveF6J53a3ecWuQmgHRsF6n6D4=s64","userId":"17212050139887820689"}},"outputId":"664976a9-7038-471c-d5c0-d6d4d3923fb1"},"source":["unsorted_df"],"execution_count":null,"outputs":[{"output_type":"execute_result","data":{"text/html":["<div>\n","<style scoped>\n","    .dataframe tbody tr th:only-of-type {\n","        vertical-align: middle;\n","    }\n","\n","    .dataframe tbody tr th {\n","        vertical-align: top;\n","    }\n","\n","    .dataframe thead th {\n","        text-align: right;\n","    }\n","</style>\n","<table border=\"1\" class=\"dataframe\">\n","  <thead>\n","    <tr style=\"text-align: right;\">\n","      <th></th>\n","      <th>Col1</th>\n","      <th>Col2</th>\n","      <th>Col3</th>\n","    </tr>\n","  </thead>\n","  <tbody>\n","    <tr>\n","      <th>5</th>\n","      <td>0.774385</td>\n","      <td>-0.275355</td>\n","      <td>-1.309678</td>\n","    </tr>\n","    <tr>\n","      <th>7</th>\n","      <td>-1.313731</td>\n","      <td>0.437636</td>\n","      <td>0.426441</td>\n","    </tr>\n","    <tr>\n","      <th>3</th>\n","      <td>0.102599</td>\n","      <td>-0.327263</td>\n","      <td>0.548485</td>\n","    </tr>\n","    <tr>\n","      <th>9</th>\n","      <td>-1.826708</td>\n","      <td>-0.449267</td>\n","      <td>0.257734</td>\n","    </tr>\n","    <tr>\n","      <th>2</th>\n","      <td>1.450232</td>\n","      <td>-0.474567</td>\n","      <td>0.363058</td>\n","    </tr>\n","    <tr>\n","      <th>1</th>\n","      <td>-1.150531</td>\n","      <td>1.213036</td>\n","      <td>-1.014364</td>\n","    </tr>\n","    <tr>\n","      <th>9</th>\n","      <td>0.755127</td>\n","      <td>-0.596685</td>\n","      <td>-0.448257</td>\n","    </tr>\n","    <tr>\n","      <th>11</th>\n","      <td>0.490750</td>\n","      <td>-0.639434</td>\n","      <td>2.036461</td>\n","    </tr>\n","    <tr>\n","      <th>21</th>\n","      <td>-0.976040</td>\n","      <td>-0.419706</td>\n","      <td>1.022377</td>\n","    </tr>\n","    <tr>\n","      <th>4</th>\n","      <td>-0.166359</td>\n","      <td>-0.995609</td>\n","      <td>0.405400</td>\n","    </tr>\n","  </tbody>\n","</table>\n","</div>"],"text/plain":["        Col1      Col2      Col3\n","5   0.774385 -0.275355 -1.309678\n","7  -1.313731  0.437636  0.426441\n","3   0.102599 -0.327263  0.548485\n","9  -1.826708 -0.449267  0.257734\n","2   1.450232 -0.474567  0.363058\n","1  -1.150531  1.213036 -1.014364\n","9   0.755127 -0.596685 -0.448257\n","11  0.490750 -0.639434  2.036461\n","21 -0.976040 -0.419706  1.022377\n","4  -0.166359 -0.995609  0.405400"]},"metadata":{"tags":[]},"execution_count":18}]},{"cell_type":"code","metadata":{"colab":{"base_uri":"https://localhost:8080/","height":361},"id":"Y7f2osn8fgci","executionInfo":{"status":"ok","timestamp":1628255750620,"user_tz":-330,"elapsed":407,"user":{"displayName":"Sahil Rahman","photoUrl":"https://lh3.googleusercontent.com/a-/AOh14GiJ8lzvw0EAvZyy3OveF6J53a3ecWuQmgHRsF6n6D4=s64","userId":"17212050139887820689"}},"outputId":"536d18f6-89a5-4d2b-8045-c3fa17c6e63a"},"source":["unsorted_df.sort_index()"],"execution_count":null,"outputs":[{"output_type":"execute_result","data":{"text/html":["<div>\n","<style scoped>\n","    .dataframe tbody tr th:only-of-type {\n","        vertical-align: middle;\n","    }\n","\n","    .dataframe tbody tr th {\n","        vertical-align: top;\n","    }\n","\n","    .dataframe thead th {\n","        text-align: right;\n","    }\n","</style>\n","<table border=\"1\" class=\"dataframe\">\n","  <thead>\n","    <tr style=\"text-align: right;\">\n","      <th></th>\n","      <th>Col1</th>\n","      <th>Col2</th>\n","      <th>Col3</th>\n","    </tr>\n","  </thead>\n","  <tbody>\n","    <tr>\n","      <th>1</th>\n","      <td>-1.150531</td>\n","      <td>1.213036</td>\n","      <td>-1.014364</td>\n","    </tr>\n","    <tr>\n","      <th>2</th>\n","      <td>1.450232</td>\n","      <td>-0.474567</td>\n","      <td>0.363058</td>\n","    </tr>\n","    <tr>\n","      <th>3</th>\n","      <td>0.102599</td>\n","      <td>-0.327263</td>\n","      <td>0.548485</td>\n","    </tr>\n","    <tr>\n","      <th>4</th>\n","      <td>-0.166359</td>\n","      <td>-0.995609</td>\n","      <td>0.405400</td>\n","    </tr>\n","    <tr>\n","      <th>5</th>\n","      <td>0.774385</td>\n","      <td>-0.275355</td>\n","      <td>-1.309678</td>\n","    </tr>\n","    <tr>\n","      <th>7</th>\n","      <td>-1.313731</td>\n","      <td>0.437636</td>\n","      <td>0.426441</td>\n","    </tr>\n","    <tr>\n","      <th>9</th>\n","      <td>-1.826708</td>\n","      <td>-0.449267</td>\n","      <td>0.257734</td>\n","    </tr>\n","    <tr>\n","      <th>9</th>\n","      <td>0.755127</td>\n","      <td>-0.596685</td>\n","      <td>-0.448257</td>\n","    </tr>\n","    <tr>\n","      <th>11</th>\n","      <td>0.490750</td>\n","      <td>-0.639434</td>\n","      <td>2.036461</td>\n","    </tr>\n","    <tr>\n","      <th>21</th>\n","      <td>-0.976040</td>\n","      <td>-0.419706</td>\n","      <td>1.022377</td>\n","    </tr>\n","  </tbody>\n","</table>\n","</div>"],"text/plain":["        Col1      Col2      Col3\n","1  -1.150531  1.213036 -1.014364\n","2   1.450232 -0.474567  0.363058\n","3   0.102599 -0.327263  0.548485\n","4  -0.166359 -0.995609  0.405400\n","5   0.774385 -0.275355 -1.309678\n","7  -1.313731  0.437636  0.426441\n","9  -1.826708 -0.449267  0.257734\n","9   0.755127 -0.596685 -0.448257\n","11  0.490750 -0.639434  2.036461\n","21 -0.976040 -0.419706  1.022377"]},"metadata":{"tags":[]},"execution_count":20}]},{"cell_type":"code","metadata":{"colab":{"base_uri":"https://localhost:8080/","height":361},"id":"tU-gS0T3nBRT","executionInfo":{"status":"ok","timestamp":1628255827925,"user_tz":-330,"elapsed":412,"user":{"displayName":"Sahil Rahman","photoUrl":"https://lh3.googleusercontent.com/a-/AOh14GiJ8lzvw0EAvZyy3OveF6J53a3ecWuQmgHRsF6n6D4=s64","userId":"17212050139887820689"}},"outputId":"c877d376-1f32-4890-ad89-35a872cecc7b"},"source":["unsorted_df.sort_index(ascending=False)"],"execution_count":null,"outputs":[{"output_type":"execute_result","data":{"text/html":["<div>\n","<style scoped>\n","    .dataframe tbody tr th:only-of-type {\n","        vertical-align: middle;\n","    }\n","\n","    .dataframe tbody tr th {\n","        vertical-align: top;\n","    }\n","\n","    .dataframe thead th {\n","        text-align: right;\n","    }\n","</style>\n","<table border=\"1\" class=\"dataframe\">\n","  <thead>\n","    <tr style=\"text-align: right;\">\n","      <th></th>\n","      <th>Col1</th>\n","      <th>Col2</th>\n","      <th>Col3</th>\n","    </tr>\n","  </thead>\n","  <tbody>\n","    <tr>\n","      <th>21</th>\n","      <td>-0.976040</td>\n","      <td>-0.419706</td>\n","      <td>1.022377</td>\n","    </tr>\n","    <tr>\n","      <th>11</th>\n","      <td>0.490750</td>\n","      <td>-0.639434</td>\n","      <td>2.036461</td>\n","    </tr>\n","    <tr>\n","      <th>9</th>\n","      <td>-1.826708</td>\n","      <td>-0.449267</td>\n","      <td>0.257734</td>\n","    </tr>\n","    <tr>\n","      <th>9</th>\n","      <td>0.755127</td>\n","      <td>-0.596685</td>\n","      <td>-0.448257</td>\n","    </tr>\n","    <tr>\n","      <th>7</th>\n","      <td>-1.313731</td>\n","      <td>0.437636</td>\n","      <td>0.426441</td>\n","    </tr>\n","    <tr>\n","      <th>5</th>\n","      <td>0.774385</td>\n","      <td>-0.275355</td>\n","      <td>-1.309678</td>\n","    </tr>\n","    <tr>\n","      <th>4</th>\n","      <td>-0.166359</td>\n","      <td>-0.995609</td>\n","      <td>0.405400</td>\n","    </tr>\n","    <tr>\n","      <th>3</th>\n","      <td>0.102599</td>\n","      <td>-0.327263</td>\n","      <td>0.548485</td>\n","    </tr>\n","    <tr>\n","      <th>2</th>\n","      <td>1.450232</td>\n","      <td>-0.474567</td>\n","      <td>0.363058</td>\n","    </tr>\n","    <tr>\n","      <th>1</th>\n","      <td>-1.150531</td>\n","      <td>1.213036</td>\n","      <td>-1.014364</td>\n","    </tr>\n","  </tbody>\n","</table>\n","</div>"],"text/plain":["        Col1      Col2      Col3\n","21 -0.976040 -0.419706  1.022377\n","11  0.490750 -0.639434  2.036461\n","9  -1.826708 -0.449267  0.257734\n","9   0.755127 -0.596685 -0.448257\n","7  -1.313731  0.437636  0.426441\n","5   0.774385 -0.275355 -1.309678\n","4  -0.166359 -0.995609  0.405400\n","3   0.102599 -0.327263  0.548485\n","2   1.450232 -0.474567  0.363058\n","1  -1.150531  1.213036 -1.014364"]},"metadata":{"tags":[]},"execution_count":21}]},{"cell_type":"code","metadata":{"colab":{"base_uri":"https://localhost:8080/","height":361},"id":"Gg0XU6fenQYk","executionInfo":{"status":"ok","timestamp":1628255909562,"user_tz":-330,"elapsed":396,"user":{"displayName":"Sahil Rahman","photoUrl":"https://lh3.googleusercontent.com/a-/AOh14GiJ8lzvw0EAvZyy3OveF6J53a3ecWuQmgHRsF6n6D4=s64","userId":"17212050139887820689"}},"outputId":"2c1dcd70-be44-478e-a39b-4558cdce26eb"},"source":["unsorted_df.sort_index(axis=1)"],"execution_count":null,"outputs":[{"output_type":"execute_result","data":{"text/html":["<div>\n","<style scoped>\n","    .dataframe tbody tr th:only-of-type {\n","        vertical-align: middle;\n","    }\n","\n","    .dataframe tbody tr th {\n","        vertical-align: top;\n","    }\n","\n","    .dataframe thead th {\n","        text-align: right;\n","    }\n","</style>\n","<table border=\"1\" class=\"dataframe\">\n","  <thead>\n","    <tr style=\"text-align: right;\">\n","      <th></th>\n","      <th>Col1</th>\n","      <th>Col2</th>\n","      <th>Col3</th>\n","    </tr>\n","  </thead>\n","  <tbody>\n","    <tr>\n","      <th>5</th>\n","      <td>0.774385</td>\n","      <td>-0.275355</td>\n","      <td>-1.309678</td>\n","    </tr>\n","    <tr>\n","      <th>7</th>\n","      <td>-1.313731</td>\n","      <td>0.437636</td>\n","      <td>0.426441</td>\n","    </tr>\n","    <tr>\n","      <th>3</th>\n","      <td>0.102599</td>\n","      <td>-0.327263</td>\n","      <td>0.548485</td>\n","    </tr>\n","    <tr>\n","      <th>9</th>\n","      <td>-1.826708</td>\n","      <td>-0.449267</td>\n","      <td>0.257734</td>\n","    </tr>\n","    <tr>\n","      <th>2</th>\n","      <td>1.450232</td>\n","      <td>-0.474567</td>\n","      <td>0.363058</td>\n","    </tr>\n","    <tr>\n","      <th>1</th>\n","      <td>-1.150531</td>\n","      <td>1.213036</td>\n","      <td>-1.014364</td>\n","    </tr>\n","    <tr>\n","      <th>9</th>\n","      <td>0.755127</td>\n","      <td>-0.596685</td>\n","      <td>-0.448257</td>\n","    </tr>\n","    <tr>\n","      <th>11</th>\n","      <td>0.490750</td>\n","      <td>-0.639434</td>\n","      <td>2.036461</td>\n","    </tr>\n","    <tr>\n","      <th>21</th>\n","      <td>-0.976040</td>\n","      <td>-0.419706</td>\n","      <td>1.022377</td>\n","    </tr>\n","    <tr>\n","      <th>4</th>\n","      <td>-0.166359</td>\n","      <td>-0.995609</td>\n","      <td>0.405400</td>\n","    </tr>\n","  </tbody>\n","</table>\n","</div>"],"text/plain":["        Col1      Col2      Col3\n","5   0.774385 -0.275355 -1.309678\n","7  -1.313731  0.437636  0.426441\n","3   0.102599 -0.327263  0.548485\n","9  -1.826708 -0.449267  0.257734\n","2   1.450232 -0.474567  0.363058\n","1  -1.150531  1.213036 -1.014364\n","9   0.755127 -0.596685 -0.448257\n","11  0.490750 -0.639434  2.036461\n","21 -0.976040 -0.419706  1.022377\n","4  -0.166359 -0.995609  0.405400"]},"metadata":{"tags":[]},"execution_count":22}]},{"cell_type":"code","metadata":{"colab":{"base_uri":"https://localhost:8080/","height":361},"id":"4y1rgNKHnls_","executionInfo":{"status":"ok","timestamp":1628255994707,"user_tz":-330,"elapsed":413,"user":{"displayName":"Sahil Rahman","photoUrl":"https://lh3.googleusercontent.com/a-/AOh14GiJ8lzvw0EAvZyy3OveF6J53a3ecWuQmgHRsF6n6D4=s64","userId":"17212050139887820689"}},"outputId":"63be960d-cf2a-4f42-d7f0-3f7012547f40"},"source":["unsorted_df.sort_index(axis=1, ascending=False)"],"execution_count":null,"outputs":[{"output_type":"execute_result","data":{"text/html":["<div>\n","<style scoped>\n","    .dataframe tbody tr th:only-of-type {\n","        vertical-align: middle;\n","    }\n","\n","    .dataframe tbody tr th {\n","        vertical-align: top;\n","    }\n","\n","    .dataframe thead th {\n","        text-align: right;\n","    }\n","</style>\n","<table border=\"1\" class=\"dataframe\">\n","  <thead>\n","    <tr style=\"text-align: right;\">\n","      <th></th>\n","      <th>Col3</th>\n","      <th>Col2</th>\n","      <th>Col1</th>\n","    </tr>\n","  </thead>\n","  <tbody>\n","    <tr>\n","      <th>5</th>\n","      <td>-1.309678</td>\n","      <td>-0.275355</td>\n","      <td>0.774385</td>\n","    </tr>\n","    <tr>\n","      <th>7</th>\n","      <td>0.426441</td>\n","      <td>0.437636</td>\n","      <td>-1.313731</td>\n","    </tr>\n","    <tr>\n","      <th>3</th>\n","      <td>0.548485</td>\n","      <td>-0.327263</td>\n","      <td>0.102599</td>\n","    </tr>\n","    <tr>\n","      <th>9</th>\n","      <td>0.257734</td>\n","      <td>-0.449267</td>\n","      <td>-1.826708</td>\n","    </tr>\n","    <tr>\n","      <th>2</th>\n","      <td>0.363058</td>\n","      <td>-0.474567</td>\n","      <td>1.450232</td>\n","    </tr>\n","    <tr>\n","      <th>1</th>\n","      <td>-1.014364</td>\n","      <td>1.213036</td>\n","      <td>-1.150531</td>\n","    </tr>\n","    <tr>\n","      <th>9</th>\n","      <td>-0.448257</td>\n","      <td>-0.596685</td>\n","      <td>0.755127</td>\n","    </tr>\n","    <tr>\n","      <th>11</th>\n","      <td>2.036461</td>\n","      <td>-0.639434</td>\n","      <td>0.490750</td>\n","    </tr>\n","    <tr>\n","      <th>21</th>\n","      <td>1.022377</td>\n","      <td>-0.419706</td>\n","      <td>-0.976040</td>\n","    </tr>\n","    <tr>\n","      <th>4</th>\n","      <td>0.405400</td>\n","      <td>-0.995609</td>\n","      <td>-0.166359</td>\n","    </tr>\n","  </tbody>\n","</table>\n","</div>"],"text/plain":["        Col3      Col2      Col1\n","5  -1.309678 -0.275355  0.774385\n","7   0.426441  0.437636 -1.313731\n","3   0.548485 -0.327263  0.102599\n","9   0.257734 -0.449267 -1.826708\n","2   0.363058 -0.474567  1.450232\n","1  -1.014364  1.213036 -1.150531\n","9  -0.448257 -0.596685  0.755127\n","11  2.036461 -0.639434  0.490750\n","21  1.022377 -0.419706 -0.976040\n","4   0.405400 -0.995609 -0.166359"]},"metadata":{"tags":[]},"execution_count":23}]},{"cell_type":"code","metadata":{"id":"oO4gxamAfgfH"},"source":["[6,5,8,2,5,9,2,1].sort() -> Timsort"],"execution_count":null,"outputs":[]},{"cell_type":"markdown","metadata":{"id":"GQw6DtbAoDMQ"},"source":["* sort_values()"]},{"cell_type":"code","metadata":{"id":"afGvuq_Yfgh5"},"source":["df = pd.DataFrame({\"Apples\":[50,95, 105,75],\"Grapes\":[110,45,99,0]})"],"execution_count":null,"outputs":[]},{"cell_type":"code","metadata":{"colab":{"base_uri":"https://localhost:8080/","height":173},"id":"IEstmID1fgkp","executionInfo":{"status":"ok","timestamp":1628256450528,"user_tz":-330,"elapsed":415,"user":{"displayName":"Sahil Rahman","photoUrl":"https://lh3.googleusercontent.com/a-/AOh14GiJ8lzvw0EAvZyy3OveF6J53a3ecWuQmgHRsF6n6D4=s64","userId":"17212050139887820689"}},"outputId":"c69c2d93-a275-4d1e-e25a-b9635003814a"},"source":["df"],"execution_count":null,"outputs":[{"output_type":"execute_result","data":{"text/html":["<div>\n","<style scoped>\n","    .dataframe tbody tr th:only-of-type {\n","        vertical-align: middle;\n","    }\n","\n","    .dataframe tbody tr th {\n","        vertical-align: top;\n","    }\n","\n","    .dataframe thead th {\n","        text-align: right;\n","    }\n","</style>\n","<table border=\"1\" class=\"dataframe\">\n","  <thead>\n","    <tr style=\"text-align: right;\">\n","      <th></th>\n","      <th>Apples</th>\n","      <th>Grapes</th>\n","    </tr>\n","  </thead>\n","  <tbody>\n","    <tr>\n","      <th>0</th>\n","      <td>50</td>\n","      <td>110</td>\n","    </tr>\n","    <tr>\n","      <th>1</th>\n","      <td>95</td>\n","      <td>45</td>\n","    </tr>\n","    <tr>\n","      <th>2</th>\n","      <td>105</td>\n","      <td>99</td>\n","    </tr>\n","    <tr>\n","      <th>3</th>\n","      <td>75</td>\n","      <td>0</td>\n","    </tr>\n","  </tbody>\n","</table>\n","</div>"],"text/plain":["   Apples  Grapes\n","0      50     110\n","1      95      45\n","2     105      99\n","3      75       0"]},"metadata":{"tags":[]},"execution_count":29}]},{"cell_type":"code","metadata":{"colab":{"base_uri":"https://localhost:8080/","height":173},"id":"t415bF8cfgnU","executionInfo":{"status":"ok","timestamp":1628261218829,"user_tz":-330,"elapsed":8,"user":{"displayName":"Sahil Rahman","photoUrl":"https://lh3.googleusercontent.com/a-/AOh14GiJ8lzvw0EAvZyy3OveF6J53a3ecWuQmgHRsF6n6D4=s64","userId":"17212050139887820689"}},"outputId":"367b10ec-ee1f-4797-ad76-4e4cba39561c"},"source":["df.sort_values(by=['Apples', 'Grapes'])"],"execution_count":null,"outputs":[{"output_type":"execute_result","data":{"text/html":["<div>\n","<style scoped>\n","    .dataframe tbody tr th:only-of-type {\n","        vertical-align: middle;\n","    }\n","\n","    .dataframe tbody tr th {\n","        vertical-align: top;\n","    }\n","\n","    .dataframe thead th {\n","        text-align: right;\n","    }\n","</style>\n","<table border=\"1\" class=\"dataframe\">\n","  <thead>\n","    <tr style=\"text-align: right;\">\n","      <th></th>\n","      <th>Apples</th>\n","      <th>Grapes</th>\n","    </tr>\n","  </thead>\n","  <tbody>\n","    <tr>\n","      <th>0</th>\n","      <td>50</td>\n","      <td>110</td>\n","    </tr>\n","    <tr>\n","      <th>3</th>\n","      <td>75</td>\n","      <td>0</td>\n","    </tr>\n","    <tr>\n","      <th>1</th>\n","      <td>95</td>\n","      <td>45</td>\n","    </tr>\n","    <tr>\n","      <th>2</th>\n","      <td>105</td>\n","      <td>99</td>\n","    </tr>\n","  </tbody>\n","</table>\n","</div>"],"text/plain":["   Apples  Grapes\n","0      50     110\n","3      75       0\n","1      95      45\n","2     105      99"]},"metadata":{"tags":[]},"execution_count":92}]},{"cell_type":"code","metadata":{"colab":{"base_uri":"https://localhost:8080/","height":173},"id":"2z_U8Sa3fgtP","executionInfo":{"status":"ok","timestamp":1628256605905,"user_tz":-330,"elapsed":394,"user":{"displayName":"Sahil Rahman","photoUrl":"https://lh3.googleusercontent.com/a-/AOh14GiJ8lzvw0EAvZyy3OveF6J53a3ecWuQmgHRsF6n6D4=s64","userId":"17212050139887820689"}},"outputId":"b857af22-e74b-4421-cb9e-e1c6e1e5c8f7"},"source":["df.sort_values(by=['Apples', 'Grapes'],kind='mergesort')\n","1. Quicksort\n","2. Mergesort\n","3. Heapsort"],"execution_count":null,"outputs":[{"output_type":"execute_result","data":{"text/html":["<div>\n","<style scoped>\n","    .dataframe tbody tr th:only-of-type {\n","        vertical-align: middle;\n","    }\n","\n","    .dataframe tbody tr th {\n","        vertical-align: top;\n","    }\n","\n","    .dataframe thead th {\n","        text-align: right;\n","    }\n","</style>\n","<table border=\"1\" class=\"dataframe\">\n","  <thead>\n","    <tr style=\"text-align: right;\">\n","      <th></th>\n","      <th>Apples</th>\n","      <th>Grapes</th>\n","    </tr>\n","  </thead>\n","  <tbody>\n","    <tr>\n","      <th>0</th>\n","      <td>50</td>\n","      <td>110</td>\n","    </tr>\n","    <tr>\n","      <th>3</th>\n","      <td>75</td>\n","      <td>0</td>\n","    </tr>\n","    <tr>\n","      <th>1</th>\n","      <td>95</td>\n","      <td>45</td>\n","    </tr>\n","    <tr>\n","      <th>2</th>\n","      <td>105</td>\n","      <td>99</td>\n","    </tr>\n","  </tbody>\n","</table>\n","</div>"],"text/plain":["   Apples  Grapes\n","0      50     110\n","3      75       0\n","1      95      45\n","2     105      99"]},"metadata":{"tags":[]},"execution_count":31}]},{"cell_type":"markdown","metadata":{"id":"LMJqBfBmqmUS"},"source":["* Stats - Advanced"]},{"cell_type":"code","metadata":{"colab":{"base_uri":"https://localhost:8080/","height":578},"id":"WVUksTkRfgwZ","executionInfo":{"status":"ok","timestamp":1628256785836,"user_tz":-330,"elapsed":425,"user":{"displayName":"Sahil Rahman","photoUrl":"https://lh3.googleusercontent.com/a-/AOh14GiJ8lzvw0EAvZyy3OveF6J53a3ecWuQmgHRsF6n6D4=s64","userId":"17212050139887820689"}},"outputId":"cc2c9c89-b5c6-4f67-eb41-2316fb328b58"},"source":["df3"],"execution_count":null,"outputs":[{"output_type":"execute_result","data":{"text/html":["<div>\n","<style scoped>\n","    .dataframe tbody tr th:only-of-type {\n","        vertical-align: middle;\n","    }\n","\n","    .dataframe tbody tr th {\n","        vertical-align: top;\n","    }\n","\n","    .dataframe thead th {\n","        text-align: right;\n","    }\n","</style>\n","<table border=\"1\" class=\"dataframe\">\n","  <thead>\n","    <tr style=\"text-align: right;\">\n","      <th></th>\n","      <th>Col1</th>\n","      <th>Col2</th>\n","      <th>Col3</th>\n","    </tr>\n","  </thead>\n","  <tbody>\n","    <tr>\n","      <th>0</th>\n","      <td>0.625766</td>\n","      <td>-1.161112</td>\n","      <td>-0.362673</td>\n","    </tr>\n","    <tr>\n","      <th>1</th>\n","      <td>-1.479641</td>\n","      <td>-0.485604</td>\n","      <td>0.369964</td>\n","    </tr>\n","    <tr>\n","      <th>2</th>\n","      <td>1.472300</td>\n","      <td>0.194014</td>\n","      <td>1.405674</td>\n","    </tr>\n","    <tr>\n","      <th>3</th>\n","      <td>-0.458088</td>\n","      <td>-0.608173</td>\n","      <td>-2.229785</td>\n","    </tr>\n","    <tr>\n","      <th>4</th>\n","      <td>-0.768349</td>\n","      <td>-0.834313</td>\n","      <td>0.426521</td>\n","    </tr>\n","    <tr>\n","      <th>5</th>\n","      <td>-0.919398</td>\n","      <td>-3.872343</td>\n","      <td>-0.636717</td>\n","    </tr>\n","    <tr>\n","      <th>6</th>\n","      <td>0.149572</td>\n","      <td>-0.102499</td>\n","      <td>0.629445</td>\n","    </tr>\n","    <tr>\n","      <th>7</th>\n","      <td>-0.738339</td>\n","      <td>0.131016</td>\n","      <td>0.425828</td>\n","    </tr>\n","    <tr>\n","      <th>8</th>\n","      <td>-0.164048</td>\n","      <td>2.951231</td>\n","      <td>-0.820013</td>\n","    </tr>\n","    <tr>\n","      <th>9</th>\n","      <td>-1.339718</td>\n","      <td>1.032922</td>\n","      <td>0.241880</td>\n","    </tr>\n","    <tr>\n","      <th>10</th>\n","      <td>1.970920</td>\n","      <td>1.543224</td>\n","      <td>-0.210029</td>\n","    </tr>\n","    <tr>\n","      <th>11</th>\n","      <td>0.428057</td>\n","      <td>-0.515374</td>\n","      <td>-0.214166</td>\n","    </tr>\n","    <tr>\n","      <th>12</th>\n","      <td>0.788745</td>\n","      <td>-0.667020</td>\n","      <td>-0.835686</td>\n","    </tr>\n","    <tr>\n","      <th>13</th>\n","      <td>0.031070</td>\n","      <td>-2.038181</td>\n","      <td>-1.426491</td>\n","    </tr>\n","    <tr>\n","      <th>14</th>\n","      <td>0.071847</td>\n","      <td>-0.311295</td>\n","      <td>-0.437778</td>\n","    </tr>\n","    <tr>\n","      <th>15</th>\n","      <td>0.473463</td>\n","      <td>0.275466</td>\n","      <td>-1.378353</td>\n","    </tr>\n","    <tr>\n","      <th>16</th>\n","      <td>-1.278267</td>\n","      <td>0.030640</td>\n","      <td>-0.531510</td>\n","    </tr>\n","  </tbody>\n","</table>\n","</div>"],"text/plain":["        Col1      Col2      Col3\n","0   0.625766 -1.161112 -0.362673\n","1  -1.479641 -0.485604  0.369964\n","2   1.472300  0.194014  1.405674\n","3  -0.458088 -0.608173 -2.229785\n","4  -0.768349 -0.834313  0.426521\n","5  -0.919398 -3.872343 -0.636717\n","6   0.149572 -0.102499  0.629445\n","7  -0.738339  0.131016  0.425828\n","8  -0.164048  2.951231 -0.820013\n","9  -1.339718  1.032922  0.241880\n","10  1.970920  1.543224 -0.210029\n","11  0.428057 -0.515374 -0.214166\n","12  0.788745 -0.667020 -0.835686\n","13  0.031070 -2.038181 -1.426491\